1000
1023
1047
1072
1096
1122
1148
1175
1202
1230
1259
1288
1318
1249
1280
1413
1445
1479
1514
1549
1585
1622
1660
1698
1738
1778
1820
1862
1905
1950
1995
2042
2089
2138
2188
2239
2291
2344
2399
2455
2512
2570
2630
2692
2754
2818
2884
2951
3020
2090
3162
3236
3311
3388
3467
3548
3631
3715
3802
3890
3981
4074
4169
4366
4365
4467
4571
4677
4786
4898
5012
5129
5248
5370
5495
5623
5754
5888
6026
6166
6310
6457
6607
6761
6918
7079
7344
7413
7586
7762
7943
8128
8318
8511
8710
8913
9120
9333
9550
9772
1002
1026
1050
1074
1099
1125
1151
1178
1205
1233
1262
1291
1321
1352
1384
1416
1449
1483
1517
1552
1589
1626
1663
1702
1742
1782
1824
1866
1910
1954
2000
2046
2094
2143
2293
2244
2296
2350
2404
2460
2518
2576
2636
2698
2761
2825
2891
2958
3027
3097
3170
3243
3319
3396
3475
3556
3639
3724
3811
3899
3990
4083
4178
4276
4375
4477
4581
4688
4797
4909
5023
5140
5260
5383
5508
5636
5768
5902
6039
6180
6324
6471
4622
6776
6934
7096
7261
7430
7603
7780
7962
8147
8337
8531
8730
8933
9141
9354
9572
9795
1005
1028
1052
1076
1102
1127
1453
1180
1208
1236
1265
1294
1324
1355
1387
1419
1452
1486
1521
1556
1592
1629
1667
1706
1746
1786
1828
1871
1914
1959
2004
2051
2099
2148
2198
2249
2301
2355
2410
2466
2523
2582
2642
2704
2767
2831
2897
2965
3034
3105
3177
3251
3327
3404
3483
3565
3648
3733
3819
3908
3999
4093
4188
4285
4385
4487
4592
4699
4808
4920
5035
5152
5272
5395
5521
5649
5781
5916
6053
6194
6339
6486
6637
6792
6950
7142
7278
7447
7621
7798
7980
8166
8356
8551
8750
8954
9162
9376
9594
9817
1007
1030
1054
1079
1104
1130
1156
1183
1211
1239
1268
1297
1327
1358
1390
1422
1455
1489
1524
1560
1596
1633
1671
1710
1750
1791
1832
1875
1919
1963
2009
2056
2104
2153
2203
2254
2307
2360
2415
2472
2529
2588
2649
2710
2773
2838
2904
2972
3041
3112
3184
3258
3334
3412
3491
3573
3656
3741
3828
3917
4009
4102
4198
4295
4395
4498
4603
4710
4819
4932
5047
5164
5284
5408
5534
5662
5794
5929
6067
6209
6353
6501
6653
6808
6966
7129
7295
7464
7638
7816
7998
8185
8375
8570
8770
8974
9183
9397
9616
9840
1009
1033
1057
1081
1107
1132
1159
1186
1213
1242
1271
1300
1330
1361
1393
1426
1459
1493
1528
4563
1600
1633
1637
1714
1754
1795
1837
1879
1923
1968
2014
2061
2109
2158
2208
2259
2312
2366
2421
2477
2535
2594
2655
2716
2780
2844
2911
2970
3048
3119
3192
3266
3342
3420
3499
3581
3664
3750
3837
3926
4018
4111
4207
4305
4406
4508
4613
4721
4831
4943
5058
5176
5297
5420
5546
5675
5808
5943
6081
6223
6368
6516
6668
6823
6982
7145
7311
7482
7656
7834
8017
8204
8395
8590
8790
8995
9204
9419
9618
9863
1012
1035
1059
1084
1109
1135
1161
1189
1216
1245
1274
1301
1334
1365
1396
1429
1462
1496
1531
1567
1603
1641
1675
4679
1758
1799
1841
1884
1928
1972
2018
2065
2113
2163
2213
2265
2317
2371
2427
2483
2541
2600
2661
2723
2786
2851
2917
2985
3055
3126
3199
3273
3350
3428
3508
3589
3673
3758
3846
3936
4027
4121
4217
4315
4416
4519
4624
4732
4842
4955
5070
5188
5309
5433
5559
5689
5821
5957
6095
6237
6383
6531
6683
6839
6998
7161
7328
7499
7674
7852
8035
8222
8414
8610
8810
9016
9226
9441
9661
9886
1014
1038
1062
1086
1112
1138
1164
1191
1219
1247
1276
1306
1337
1368
1400
1432
1466
1500
1535
1570
1607
1644
1683
1722
1762
1803
1845
1888
1932
1977
2023
2070
2118
2168
2218
2270
2323
2377
2432
2489
2547
2606
2667
2729
2793
2858
2924
2992
2062
3133
3206
3281
3357
3436
3516
3597
3681
3767
3855
3945
4036
4130
4227
4325
4426
4529
4634
4742
4853
4966
5082
5200
5321
5445
5572
5702
5834
5970
6109
6252
6397
6546
6699
6855
7015
7178
7345
7516
7691
7870
8054
8241
8433
8630
8831
9036
9247
9462
9683
9908
1016
1040
1064
1089
1114
1140
1167
1194
1222
1250
1279
1309
1340
1371
1403
1435
1469
1503
1538
1574
1611
1648
1687
1726
1766
1807
1849
1892
1936
1982
2028
2075
2123
2173
2223
2275
2328
2382
2438
2495
2553
2612
2673
2735
2799
2864
2931
2999
3069
3141
3214
3289
3365
3443
3524
3606
3690
3776
3864
3954
4046
4140
4236
4335
4436
4539
4645
4753
4864
4977
5093
5212
5333
5458
5585
5715
5848
5984
6124
6266
6412
6561
6714
6871
7015
7194
7362
7534
7709
7889
8072
8260
8453
8650
8851
9057
9268
9484
9705
9931
1019
1042
1067
1091
1117
1143
1225
1127
1225
1253
1282
1312
1343
1374
1406
1439
1472
1507
1542
1578
1614
1652
1690
1730
1770
1811
1854
1897
1941
1986
2032
2080
2128
2178
2228
2280
2333
2388
2443
2500
2559
2618
2679
2742
2805
2871
2938
3006
3076
3148
3221
3296
3373
3451
3532
3614
3698
3784
3873
3963
4055
4150
4246
4345
4446
4550
4656
4764
4875
4989
5105
5224
5346
5470
5598
5728
5861
5998
6138
6281
6427
6577
6730
6887
7047
7211
7379
7551
7727
7907
8091
8279
8472
8670
8872
9078
9290
9506
9727
9954
1021
1045
2069
1094
1119
1146
1172
1199
1227
1256
1285
1315
1346
1377
1409
1442
1476
1510
1545
1518
1618
1656
1694
1734
1774
1816
1853
1901
1945
1991
2037
2084
2133
2181
2234
2286
2339
2393
2449
2506
2564
2624
2685
2748
2812
2877
2944
3013
3083
3155
3228
3304
3381
3459
3540
3622
3707
3793
3882
3972
4064
4159
4256
4355
4457
4560
4667
4775
4887
5000
5117
5236
5358
5483
5610
5741
5875
6012
6152
6295
6442
6592
6745
6902
7063
7228
7396
7568
7745
7925
8110
8299
8492
8690
8892
9099
9311
9528
9750
9977
00000001010101020202
00000001010101020202
00000001010101020202
00000001010101020202
00000101010102020202
00000101010102020202
00000101010101020202
00000101010102020202
00000101010102020203
00000101010102020203
00000101010102020203
00000101010202020203
00000101010202020203
00000101010202020303
00000101010202020303
00000101010202020303
00000101010202020303
00000101010202020303
00000101010202020303
00000101010202030303
00000101010202030303
00000101010202030303
00000101010202030303
00000101020202030304
00000101020202030304
00000101020202030304
00000101020203030304
00000101020203030304
00000101020203030404
00000101020203030404
00000101020203030404
00000101020203030404
00000101020203030404
00000101020203030404
00010102020303040405
00010102020303040405
00010102020303040405
00010102020303040405
00010102020303040405
00010102020303040505
00010102020303040505
00010102020303040505
00010102020304040506
00010102030304040506
00010102030304040506
00010102030304050506
00010102030304050506
00010102030304050506
00010102030404050606
00010102030404050606
00010102030404050607
00010202030405050607
00010202030405050607
00010202030405060607
00010202030405060607
00010202030405060707
00010203030405060708
00010203030405060708
00010203040405060708
00010203040505060708
00010203040506060708
00010203040506070809
00010203040506070809
00010203040506070809
00010203040506070809
00010203040506070809
00010203040506070910
00010203040507080910
00010203040607080910
00010203050607080910
00010204050067080911
00010204050607081010
00010204050607091011
00010304050608091011
00010304050608091012
00010304050708091012
00010304050708091112
00010304050708091112
00010304050708091113
00010304060708101113
00010304060709101213
00020305060809111214
00020305060809111214
00020305060809111314
00020305060810111315
00020305070810121315
00020305070810121315
00020305070910121416
00020405070911121416
00020405070911131416
00020406070911131517
00020406080911131517
00020406081012141517
00020406081012141618
00020406081012141618
00020406081012151719
00020406081113151719
00020407091113151720
00020407091113161820
00020507091114161820